10001100000010000000000001010000
00100000000010010000000000000100
00000001001010000101000000101010
00010001010000000000000000010001
00100000000000010000000000000100
00000001001000010101000000100010
10001101001010110000000000000000
10001101010011000000000000000000
00000001011011000110100000101010
00010001101000000000000000000110
10101101010011000000000000000100
00000000000010100110000000101010
00010001100000000000000000000101
00100000000000010000000000000100
00000001010000010101000000100010
00001000000000000000110000000111
10101101010010110000000000000100
00001000000000000000110000010011
10101101010010110000000000000000
00100001001010010000000000000100
00001000000000000000110000000010

